1
2
3
4
5
6
7
8
9
10
11
12
13
14
15
16
17
18
19
20
21
22
23
1 2 10
1 3 10
1 4 10
2 3 5
2 5 10
2 6 10
2 7 10
3 2 5
3 4 5
3 7 10
3 8 10
4 3 5
4 8 10
4 9 10
4 10 10
5 6 5
5 11 10
6 5 5
6 7 5
6 11 10
6 12 10
7 6 5
7 8 5
7 12 10
7 13 10
8 7 5
8 9 5
8 13 5
8 14 5
9 8 5
9 10 5
9 14 10
9 15 10
10 9 5
10 15 10
11 12 5
11 16 10
12 11 5
12 13 5
12 16 10
12 16 17
13 12 5
13 14 5
13 17 10
13 18 10
14 13 5
14 15 5
14 18 10
14 19 10
15 14 5
15 19 10
16 17 5
16 20 10
17 16 5
17 18 5
17 20 10
17 21 10
18 17 5
18 19 5
18 21 10
18 22 10
19 18 5
19 22 10
20 21 5
20 23 10
21 20 5
21 22 5
21 23 10
22 21 5
22 23 10